4.991516794656593703e+01 3.076355334947400522e+01 2.153480261771115067e+01 1.441832781773928396e+01 8.934762775183749284e+00 6.568890605032702723e+00 4.722272530844619176e+00 3.165406014757300213e+00 2.312998696183230507e+00 1.626556796313374464e+00 1.105642643989475760e+00 7.465227399278572262e-01 4.875757964114643683e-01 3.283500448311008624e-01 2.000648593134711772e-01 1.316602553467623449e-01 8.611018798862382639e-02 5.311783610734400335e-02 3.703417564039878512e-02 1.845924135871701913e-02
3.076355334947400522e+01 2.712966491349123288e+01 1.591846126823603846e+01 1.062461435198636295e+01 6.649641460790754799e+00 4.878712943898157128e+00 3.510471001082645426e+00 2.344515735482194607e+00 1.741202362216133670e+00 1.192978787690431641e+00 8.185687277089901404e-01 5.520425118600986725e-01 3.495098342877626663e-01 2.301822789050779472e-01 1.495035744632213781e-01 9.202639772574033872e-02 5.706897191559711507e-02 3.884999087061802997e-02 2.328362039307102158e-02 1.778425876975659597e-02
2.153480261771115067e+01 1.591846126823603846e+01 1.272236369300091852e+01 7.303328690103436216e+00 4.626951083360148154e+00 3.373088800362063822e+00 2.406593926741195322e+00 1.595818187929923360e+00 1.187174515244370676e+00 8.239366592986884230e-01 5.757683600894388798e-01 3.893924154169280949e-01 2.541204473969174704e-01 1.743644279852709644e-01 1.084593832014879994e-01 7.259874793871071152e-02 4.724446204593577003e-02 3.181944057057351644e-02 1.849414084510004816e-02 1.016933624737767668e-02
1.441832781773928396e+01 1.062461435198636295e+01 7.303328690103436216e+00 5.722448017455002756e+00 3.080396174456952796e+00 2.278423996794730400e+00 1.644055606834410987e+00 1.088522525967302590e+00 8.032024032732377750e-01 5.625738223367943158e-01 3.881089544010763448e-01 2.606066047776916528e-01 1.700819854113592711e-01 1.144008754815537404e-01 7.179102457582667296e-02 4.565472048060201932e-02 3.152020261229990933e-02 2.131940601069746630e-02 1.598374447550862665e-02 1.001526069063970320e-02
8.934762775183749284e+00 6.649641460790754799e+00 4.626951083360148154e+00 3.080396174456952796e+00 2.229544874680396305e+00 1.418842146107379021e+00 1.040827193610731838e+00 6.940919847869458925e-01 5.161687769476910326e-01 3.585389112395568345e-01 2.477980768927348643e-01 1.690872667773320459e-01 1.107434815939466050e-01 7.600009188534638527e-02 4.896417669208649737e-02 3.130735790598940943e-02 1.953845247057726248e-02 1.373945373894627439e-02 9.395866684865269644e-03 6.647977226151539562e-03
6.568890605032702723e+00 4.878712943898157128e+00 3.373088800362063822e+00 2.278423996794730400e+00 1.418842146107379021e+00 1.203921490908267833e+00 7.736654029205741745e-01 5.195836374880224984e-01 3.875655927500590847e-01 2.733839226825631186e-01 1.888431791767947732e-01 1.297108179140929463e-01 8.409471344575551732e-02 5.806480919740784202e-02 3.665340353888807412e-02 2.461496078907647253e-02 1.657021441073732934e-02 1.130858150429654881e-02 7.076687416930525602e-03 5.016330734249487867e-03
4.722272530844619176e+00 3.510471001082645426e+00 2.406593926741195322e+00 1.644055606834410987e+00 1.040827193610731838e+00 7.736654029205741745e-01 6.494886955320808841e-01 3.882980355064384326e-01 2.950955371692045581e-01 2.057738053111870524e-01 1.430378503192550332e-01 9.736967129925987174e-02 6.513748857054153796e-02 4.491073344187878486e-02 2.929812216147983581e-02 1.917324180554388566e-02 1.298312757814599865e-02 9.141819213566680646e-03 6.532215429208157800e-03 4.445031993440598343e-03
3.165406014757300213e+00 2.344515735482194607e+00 1.595818187929923360e+00 1.088522525967302590e+00 6.940919847869458925e-01 5.195836374880224984e-01 3.882980355064384326e-01 3.038037186308865656e-01 2.069051288456884019e-01 1.462857695539514225e-01 1.037191901676588618e-01 7.149976930066491432e-02 4.811496906806980028e-02 3.290896737886497836e-02 2.132137700257393312e-02 1.459742367924894355e-02 1.013253222702184889e-02 7.046612438352346450e-03 5.163459700464831555e-03 3.589559269100854860e-03
2.312998696183230507e+00 1.741202362216133670e+00 1.187174515244370676e+00 8.032024032732377750e-01 5.161687769476910326e-01 3.875655927500590847e-01 2.950955371692045581e-01 2.069051288456884019e-01 1.837923693169482009e-01 1.192701523347539094e-01 8.519609163006838792e-02 6.011595887987444126e-02 4.108403327874193822e-02 2.852827090682079694e-02 1.895346112710073749e-02 1.315681053572134718e-02 8.633202189947538144e-03 6.107574578526535868e-03 4.256347061802171622e-03 2.759230080678441895e-03
1.626556796313374464e+00 1.192978787690431641e+00 8.239366592986884230e-01 5.625738223367943158e-01 3.585389112395568345e-01 2.733839226825631186e-01 2.057738053111870524e-01 1.462857695539514225e-01 1.192701523347539094e-01 1.004496894686496555e-01 6.587546243711817073e-02 4.660903272350729737e-02 3.206195240973558347e-02 2.274815218788857688e-02 1.510703868663675238e-02 1.064719739156391211e-02 7.113549552761463599e-03 4.811938469665293615e-03 3.206768552583390969e-03 2.119518464659950630e-03
1.105642643989475760e+00 8.185687277089901404e-01 5.757683600894388798e-01 3.881089544010763448e-01 2.477980768927348643e-01 1.888431791767947732e-01 1.430378503192550332e-01 1.037191901676588618e-01 8.519609163006838792e-02 6.587546243711817073e-02 5.819311640882211117e-02 3.923087490218572088e-02 2.743109056266713683e-02 1.934363681052840914e-02 1.309341813197944203e-02 9.006691565037406449e-03 6.241233539665829930e-03 4.230404027512926941e-03 2.889050553935523964e-03 1.767015464110219909e-03
7.465227399278572262e-01 5.520425118600986725e-01 3.893924154169280949e-01 2.606066047776916528e-01 1.690872667773320459e-01 1.297108179140929463e-01 9.736967129925987174e-02 7.149976930066491432e-02 6.011595887987444126e-02 4.660903272350729737e-02 3.923087490218572088e-02 3.599903311329905736e-02 2.416319008808918978e-02 1.710538999673026292e-02 1.157470265413133859e-02 7.985518123454951600e-03 5.799608464163225584e-03 3.971225898223319610e-03 2.809999693627667113e-03 1.776738609132360366e-03
4.875757964114643683e-01 3.495098342877626663e-01 2.541204473969174704e-01 1.700819854113592711e-01 1.107434815939466050e-01 8.409471344575551732e-02 6.513748857054153796e-02 4.811496906806980028e-02 4.108403327874193822e-02 3.206195240973558347e-02 2.743109056266713683e-02 2.416319008808918978e-02 2.227074654581298260e-02 1.534733218632358502e-02 1.050678072312373826e-02 7.495746905557014103e-03 5.274597617234300789e-03 3.649862366595419631e-03 2.414352619113055345e-03 1.492821702474544108e-03
3.283500448311008624e-01 2.301822789050779472e-01 1.743644279852709644e-01 1.144008754815537404e-01 7.600009188534638527e-02 5.806480919740784202e-02 4.491073344187878486e-02 3.290896737886497836e-02 2.852827090682079694e-02 2.274815218788857688e-02 1.934363681052840914e-02 1.710538999673026292e-02 1.534733218632358502e-02 1.516295657803658735e-02 1.006609236726611727e-02 6.974366148776322064e-03 4.838730112100732630e-03 3.436061486080880210e-03 2.194149915240950141e-03 1.389336142920252802e-03
2.000648593134711772e-01 1.495035744632213781e-01 1.084593832014879994e-01 7.179102457582667296e-02 4.896417669208649737e-02 3.665340353888807412e-02 2.929812216147983581e-02 2.132137700257393312e-02 1.895346112710073749e-02 1.510703868663675238e-02 1.309341813197944203e-02 1.157470265413133859e-02 1.050678072312373826e-02 1.006609236726611727e-02 1.001519536882695786e-02 6.931540947523674029e-03 4.750258113287486421e-03 3.347309644309299191e-03 2.095822063190036326e-03 1.251062530492447330e-03
1.316602553467623449e-01 9.202639772574033872e-02 7.259874793871071152e-02 4.565472048060201932e-02 3.130735790598940943e-02 2.461496078907647253e-02 1.917324180554388566e-02 1.459742367924894355e-02 1.315681053572134718e-02 1.064719739156391211e-02 9.006691565037406449e-03 7.985518123454951600e-03 7.495746905557014103e-03 6.974366148776322064e-03 6.931540947523674029e-03 7.276346238319571919e-03 5.099918390671391230e-03 3.436115314387444032e-03 2.180803288974233686e-03 1.308717927165498930e-03
8.611018798862382639e-02 5.706897191559711507e-02 4.724446204593577003e-02 3.152020261229990933e-02 1.953845247057726248e-02 1.657021441073732934e-02 1.298312757814599865e-02 1.013253222702184889e-02 8.633202189947538144e-03 7.113549552761463599e-03 6.241233539665829930e-03 5.799608464163225584e-03 5.274597617234300789e-03 4.838730112100732630e-03 4.750258113287486421e-03 5.099918390671391230e-03 5.645855873563959855e-03 3.868939492136996144e-03 2.472117793156195040e-03 1.556881522592790199e-03
5.311783610734400335e-02 3.884999087061802997e-02 3.181944057057351644e-02 2.131940601069746630e-02 1.373945373894627439e-02 1.130858150429654881e-02 9.141819213566680646e-03 7.046612438352346450e-03 6.107574578526535868e-03 4.811938469665293615e-03 4.230404027512926941e-03 3.971225898223319610e-03 3.649862366595419631e-03 3.436061486080880210e-03 3.347309644309299191e-03 3.436115314387444032e-03 3.868939492136996144e-03 4.330331599723600405e-03 2.836235276739198282e-03 1.666100571791689954e-03
3.703417564039878512e-02 2.328362039307102158e-02 1.849414084510004816e-02 1.598374447550862665e-02 9.395866684865269644e-03 7.076687416930525602e-03 6.532215429208157800e-03 5.163459700464831555e-03 4.256347061802171622e-03 3.206768552583390969e-03 2.889050553935523964e-03 2.809999693627667113e-03 2.414352619113055345e-03 2.194149915240950141e-03 2.095822063190036326e-03 2.180803288974233686e-03 2.472117793156195040e-03 2.836235276739198282e-03 3.087263048919057853e-03 1.954535502838931384e-03
1.845924135871701913e-02 1.778425876975659597e-02 1.016933624737767668e-02 1.001526069063970320e-02 6.647977226151539562e-03 5.016330734249487867e-03 4.445031993440598343e-03 3.589559269100854860e-03 2.759230080678441895e-03 2.119518464659950630e-03 1.767015464110219909e-03 1.776738609132360366e-03 1.492821702474544108e-03 1.389336142920252802e-03 1.251062530492447330e-03 1.308717927165498930e-03 1.556881522592790199e-03 1.666100571791689954e-03 1.954535502838931384e-03 2.213588034930151494e-03
